1:18,16,15,12,8,6,9,7,4,20,17,3,11,2
2:20,18,17,16,12,11,8,6,3,19,1
3:20,12,10,6,7,2,19,16,14,9,18,17,11,1
4:17,16,14,15,18,6,10,19,1
5:20,12,11,6,7
6:17,11,18,9,5,1,12,3,16,7,10,20,2,19,4
7:20,8,14,17,19,18,11,12,16,15,9,10,6,5,3,1
8:20,19,17,16,14,18,1,2,12,11,7
9:18,16,12,11,19,7,6,3,1
10:20,19,15,12,11,17,16,3,13,18,7,6,4
11:14,18,10,9,2,5,16,13,12,17,19,6,8,7,3,1
12:19,15,5,2,20,9,1,10,17,18,3,16,11,8,7,6
13:20,19,16,14,18,11,10
14:18,15,20,8,13,19,4,17,11,7,3
15:18,17,16,19,14,1,10,12,7,4
16:19,1,9,15,13,4,8,18,17,20,2,12,11,10,7,6,3
17:19,18,6,8,2,15,4,20,16,14,12,11,10,7,3,1
18:1,9,2,15,20,14,19,17,16,13,12,11,10,8,7,6,4,3
19:20,16,8,12,10,13,18,17,15,14,11,9,7,6,4,3,2
20:2,10,7,5,13,3,8,19,18,17,16,14,12,6,1
